Sphere0: 10.00  2.00  1.00
Sphere1: 16.00 -3.00 -3.00
Sphere2: 30.00 -2.00  2.00
Sphere0: 10.39  2.18  0.94
Sphere1: 16.00 -5.73 -2.97
Sphere2: 30.03 -1.36  2.07
Sphere0: 10.78  2.37  0.87
Sphere1: 16.00 -8.46 -2.96
Sphere2: 30.50 -0.79  2.03
Sphere0: 11.16  2.55  0.79
Sphere1: 16.00 -11.19 -2.97
Sphere2: 30.51 -0.63  2.06
Sphere0: 12.28  2.75  0.78
Sphere1: 15.99 -16.65 -3.01
Sphere2: 30.46 -0.37  1.86
Sphere0: 14.85  2.36  1.37
Sphere1: 15.99 -24.16 -3.11
Sphere2: 31.01 -0.62  1.82
Sphere0: 16.31  2.91  1.78
Sphere1: 15.99 -29.62 -3.24
Sphere2: 31.02 -0.36  1.60
Sphere0: 17.25  3.23  2.07
Sphere1: 15.99 -33.03 -3.33
Sphere2: 31.14 -0.35  1.55
Sphere0: 18.38  3.63  2.40
Sphere1: 15.99 -37.13 -3.46
Sphere2: 31.20 -0.71  1.49
Sphere0: 19.31  3.95  2.65
Sphere1: 15.99 -40.54 -3.58
Sphere2: 31.55 -0.51  1.46
Sphere0: 20.07  4.22  2.85
Sphere1: 15.99 -43.27 -3.69
Sphere2: 31.73 -0.29  1.35
Sphere0: 21.57  4.74  3.22
Sphere1: 15.99 -48.73 -3.94
Sphere2: 31.97 -0.29  1.22
Sphere0: 23.07  5.26  3.55
Sphere1: 15.99 -54.19 -4.22
Sphere2: 31.84 -0.10  0.92
Sphere0: 23.82  5.53  3.71
Sphere1: 15.98 -56.92 -4.38
Sphere2: 31.95  0.03  0.88
Sphere0: 24.57  5.79  3.85
Sphere1: 15.98 -59.65 -4.54
Sphere2: 32.03  0.08  0.67
Sphere0: 26.07  6.31  4.11
Sphere1: 15.98 -65.12 -4.89
Sphere2: 32.10 -0.08  0.63
Sphere0: 27.57  6.83  4.34
Sphere1: 15.98 -70.58 -5.28
Sphere2: 32.34 -0.30  0.37
Sphere0: 29.07  7.36  4.53
Sphere1: 15.98 -76.04 -5.70
Sphere2: 32.00 -0.40  0.12
Sphere0: 30.57  7.88  4.68
Sphere1: 15.98 -81.50 -6.16
Sphere2: 31.86 -0.29 -0.23
Sphere0: 32.08  8.41  4.80
Sphere1: 15.98 -86.96 -6.66
Sphere2: 31.78 -0.07 -0.97
Sphere0: 33.58  8.93  4.88
Sphere1: 15.98 -92.42 -7.19
Sphere2: 31.97 -0.50 -1.68
Sphere0: 35.08  9.45  4.93
Sphere1: 15.97 -97.88 -7.75
Sphere2: 32.24 -0.43 -1.92
Sphere0: 35.83  9.72  4.94
Sphere1: 15.97 -100.61 -8.05
Sphere2: 32.34 -0.19 -2.01
Sphere0: 36.58  9.98  4.94
Sphere1: 15.97 -103.34 -8.35
Sphere2: 32.45 -0.08 -2.21
Sphere0: 37.33 10.24  4.94
Sphere1: 15.97 -106.07 -8.67
Sphere2: 32.43 -0.48 -2.24
Sphere0: 38.08 10.50  4.92
Sphere1: 15.97 -108.80 -8.99
Sphere2: 32.43 -0.38 -2.31
Sphere0: 38.83 10.76  4.90
Sphere1: 15.97 -111.53 -9.32
Sphere2: 32.40 -0.14 -2.29
Sphere0: 39.58 11.02  4.86
Sphere1: 15.97 -114.26 -9.66
Sphere2: 32.18 -0.07 -2.49
Sphere0: 40.33 11.29  4.82
Sphere1: 15.97 -116.99 -10.01
Sphere2: 32.23 -0.32 -2.57
Sphere0: 41.08 11.55  4.77
Sphere1: 15.97 -119.72 -10.37
Sphere2: 32.32 -0.18 -2.65
Sphere0: 41.83 11.81  4.71
Sphere1: 15.97 -122.45 -10.74
Sphere2: 32.01 -0.54 -2.99
Sphere0: 42.58 12.07  4.64
Sphere1: 15.97 -125.18 -11.11
Sphere2: 31.89 -0.63 -3.18
Sphere0: 43.33 12.33  4.56
Sphere1: 15.97 -127.91 -11.50
Sphere2: 31.95 -0.75 -3.24
Sphere0: 44.09 12.60  4.48
Sphere1: 15.97 -130.64 -11.89
Sphere2: 31.75 -0.88 -3.42
Sphere0: 44.84 12.88  4.40
Sphere1: 15.97 -133.35 -12.27
Sphere2: 31.72 -0.38 -3.45
Sphere0: 45.59 13.16  4.31
Sphere1: 15.96 -136.06 -12.66
Sphere2: 31.70 -0.50 -3.50
Sphere0: 46.34 13.46  4.23
Sphere1: 15.96 -138.76 -13.05
Sphere2: 31.68 -0.54 -3.58
Sphere0: 47.09 13.76  4.15
Sphere1: 15.96 -141.45 -13.44
Sphere2: 31.39 -0.23 -3.66
Sphere0: 47.84 14.07  4.07
Sphere1: 15.96 -144.13 -13.83
Sphere2: 31.55 -0.15 -3.64
Sphere0: 48.59 14.39  3.99
Sphere1: 15.96 -146.80 -14.22
Sphere2: 31.43 -0.11 -3.74
Sphere0: 49.34 14.72  3.91
Sphere1: 15.96 -149.46 -14.60
Sphere2: 31.61 -0.05 -3.84
Sphere0: 50.09 15.06  3.82
Sphere1: 15.96 -152.12 -14.99
Sphere2: 31.58 -0.17 -3.92
Sphere0: 50.84 15.41  3.74
Sphere1: 15.96 -154.76 -15.38
Sphere2: 31.62 -0.13 -3.89
Sphere0: 51.59 15.77  3.66
Sphere1: 15.96 -157.40 -15.77
Sphere2: 31.71 -0.48 -3.99
Sphere0: 52.34 16.13  3.58
Sphere1: 15.96 -160.02 -16.16
Sphere2: 31.70 -0.41 -4.08
Sphere0: 53.09 16.50  3.50
Sphere1: 15.96 -162.64 -16.55
Sphere2: 31.70 -0.33 -4.15
Sphere0: 53.84 16.89  3.42
Sphere1: 15.96 -165.25 -16.93
Sphere2: 31.73 -0.46 -4.24
Sphere0: 54.59 17.28  3.34
Sphere1: 15.96 -167.85 -17.32
Sphere2: 31.80 -0.27 -4.31
Sphere0: 55.34 17.68  3.25
Sphere1: 15.96 -170.44 -17.71
Sphere2: 31.87 -0.38 -4.54
Sphere0: 56.10 18.09  3.17
Sphere1: 15.96 -173.02 -18.10
Sphere2: 31.94 -0.21 -4.85
Sphere0: 56.85 18.51  3.09
Sphere1: 15.95 -175.60 -18.49
Sphere2: 31.96 -0.09 -4.83
Sphere0: 57.60 18.94  3.01
Sphere1: 15.95 -178.16 -18.88
Sphere2: 31.95 -0.31 -4.79
Sphere0: 58.35 19.37  2.93
Sphere1: 15.95 -180.72 -19.27
Sphere2: 31.82 -0.18 -5.00
Sphere0: 59.85 20.27  2.76
Sphere1: 15.95 -185.80 -20.04
Sphere2: 32.23 -0.06 -5.37
Sphere0: 61.35 21.21  2.60
Sphere1: 15.95 -190.85 -20.82
Sphere2: 32.25 -0.26 -5.61
Sphere0: 62.85 22.18  2.44
Sphere1: 15.95 -195.87 -21.60
Sphere2: 32.15 -0.40 -6.07
Sphere0: 64.35 23.18  2.27
Sphere1: 15.95 -200.85 -22.37
Sphere2: 32.09 -0.30 -6.50
Sphere0: 65.85 24.22  2.11
Sphere1: 15.95 -205.79 -23.15
Sphere2: 32.17 -0.43 -6.56
Sphere0: 67.35 25.30  1.95
Sphere1: 15.95 -210.70 -23.93
Sphere2: 32.17 -0.28 -6.87
Sphere0: 68.86 26.41  1.78
Sphere1: 15.94 -215.57 -24.70
Sphere2: 32.16 -0.15 -7.01
Sphere0: 70.36 27.56  1.62
Sphere1: 15.94 -220.40 -25.48
Sphere2: 32.22 -0.44 -7.30
Sphere0: 71.86 28.75  1.46
Sphere1: 15.94 -225.20 -26.26
Sphere2: 32.20  0.04 -7.36
Sphere0: 73.36 29.97  1.30
Sphere1: 15.94 -229.97 -27.03
Sphere2: 32.28 -0.07 -7.41
Sphere0: 74.86 31.22  1.13
Sphere1: 15.94 -234.70 -27.81
Sphere2: 32.35 -0.05 -7.44
Sphere0: 76.36 32.51  0.97
Sphere1: 15.94 -239.39 -28.59
Sphere2: 32.27 -0.28 -7.51
Sphere0: 77.68 33.67  0.83
Sphere1: 15.94 -243.47 -29.27
Sphere2: 32.23 -0.09 -7.70
Sphere0: 79.36 35.20  0.64
Sphere1: 15.93 -248.67 -30.14
Sphere2: 32.10 -0.06 -7.96
Sphere0: 80.87 36.60  0.48
Sphere1: 15.93 -253.26 -30.92
Sphere2: 32.04 -0.24 -8.13
Sphere0: 82.36 38.03  0.31
Sphere1: 15.93 -257.81 -31.70
Sphere2: 32.20 -0.16 -8.09
Sphere0: 83.65 39.31  0.14
Sphere1: 15.90 -261.77 -32.40
Sphere2: 32.36 -0.14 -8.20
Sphere0: 84.91 40.62 -0.05
Sphere1: 15.84 -265.69 -33.14
Sphere2: 32.43 -0.15 -8.24
Sphere0: 85.97 41.77 -0.25
Sphere1: 15.78 -269.04 -33.79
Sphere2: 32.41 -0.21 -8.39
Sphere0: 87.18 43.13 -0.49
Sphere1: 15.67 -272.91 -34.57
Sphere2: 32.27 -0.31 -8.54
Sphere0: 88.36 44.51 -0.77
Sphere1: 15.54 -276.76 -35.39
Sphere2: 32.36 -0.11 -8.60
Sphere0: 89.35 45.73 -1.03
Sphere1: 15.40 -280.04 -36.10
Sphere2: 32.32 -0.12 -8.80
Sphere0: 90.48 47.16 -1.35
Sphere1: 15.22 -283.84 -36.97
Sphere2: 32.37 -0.36 -9.04
Sphere0: 91.43 48.42 -1.65
Sphere1: 15.04 -287.07 -37.73
Sphere2: 32.55 -0.41 -9.10
Sphere0: 92.35 49.69 -1.97
Sphere1: 14.84 -290.29 -38.51
Sphere2: 32.53 -0.15 -9.14
Sphere0: 93.41 51.20 -2.37
Sphere1: 14.58 -294.01 -39.44
Sphere2: 32.52 -0.40 -9.18
Sphere0: 94.29 52.52 -2.74
Sphere1: 14.34 -297.18 -40.27
Sphere2: 32.46 -0.19 -9.27
Sphere0: 95.16 53.86 -3.12
Sphere1: 14.07 -300.33 -41.11
Sphere2: 32.31 -0.42 -9.31
Sphere0: 96.14 55.45 -3.59
Sphere1: 13.74 -303.98 -42.12
Sphere2: 32.19 -0.16 -9.35
Sphere0: 96.96 56.83 -4.02
Sphere1: 13.44 -307.09 -43.01
Sphere2: 32.25 -0.06 -9.38
Sphere0: 96.24 58.33 -4.34
Sphere1: 13.05 -310.69 -44.07
Sphere2: 32.38 -0.11 -9.35
Sphere0: 95.60 59.64 -4.63
Sphere1: 12.70 -313.75 -45.00
Sphere2: 32.34 -0.08 -9.39
Sphere0: 94.95 60.98 -4.94
Sphere1: 12.34 -316.80 -45.95
Sphere2: 32.50 -0.01 -9.64
Sphere0: 94.15 62.56 -5.33
Sphere1: 11.88 -320.32 -47.09
Sphere2: 32.88 -0.28 -9.98
Sphere0: 93.45 63.93 -5.68
Sphere1: 11.47 -323.32 -48.08
Sphere2: 32.99 -0.53 -9.86
Sphere0: 92.61 65.56 -6.12
Sphere1: 10.96 -326.80 -49.27
Sphere2: 33.04 -0.28 -9.87
Sphere0: 91.86 66.98 -6.52
Sphere1: 10.50 -329.75 -50.30
Sphere2: 33.03 -0.14 -9.86
Sphere0: 91.10 68.42 -6.93
Sphere1: 10.03 -332.69 -51.36
Sphere2: 33.05 -0.15 -10.03
Sphere0: 90.18 70.12 -7.45
Sphere1:  9.45 -336.09 -52.62
Sphere2: 32.92 -0.15 -10.27
Sphere0: 89.37 71.60 -7.91
Sphere1:  8.93 -338.99 -53.72
Sphere2: 32.84 -0.13 -10.41
Sphere0: 88.54 73.10 -8.39
Sphere1:  8.39 -341.86 -54.84
Sphere2: 32.82 -0.19 -10.51
Sphere0: 87.55 74.88 -8.98
Sphere1:  7.73 -345.19 -56.18
Sphe